5. 0.0000 ---- 30.30
8. 0.0000 ---- 30.27
9. 0.0000 ---- 30.29
6. 0.0000 ---- 30.42
2. 0.0000 ---- 30.44
1. 0.0000 ---- 30.42
10. 0.0000 ---- 30.42
7. 0.0000 ---- 30.64
4. 0.0000 ---- 30.68
3. 0.0000 ---- 30.75
12. 0.0000 ---- 30.20
16. 0.0000 ---- 30.67
13. 0.0000 ---- 30.82
18. 0.0000 ---- 30.73
14. 0.0000 ---- 30.79
19. 0.0000 ---- 30.79
15. 0.0000 ---- 30.92
17. 0.0000 ---- 30.93
20. 0.0000 ---- 30.84
11. 0.0000 ---- 31.02
27. 0.0000 ---- 31.17
30. 0.0000 ---- 31.11
29. 0.0000 ---- 31.38
23. 0.0000 ---- 31.56
28. 0.0000 ---- 31.47
22. 0.0000 ---- 31.58
25. 0.0000 ---- 31.62
26. 0.0000 ---- 31.64
24. 0.0000 ---- 31.83
21. 0.0000 ---- 31.96
