6. -12109.1901 ---- 32.76
1. -12181.5707 ---- 32.91
8. -11722.9953 ---- 32.95
7. -12028.3559 ---- 32.98
2. -11999.3003 ---- 33.17
5. -11812.5374 ---- 33.18
10. -11369.6294 ---- 33.19
9. -11784.9363 ---- 33.19
3. -11993.8749 ---- 33.22
4. -11347.9781 ---- 33.25
20. -12380.4982 ---- 34.25
18. -11966.0438 ---- 34.32
13. -11859.6482 ---- 34.42
14. -12262.2305 ---- 34.47
16. -11778.8434 ---- 34.54
15. -12143.8351 ---- 34.55
11. -11775.1786 ---- 34.60
12. -12181.3934 ---- 34.64
17. -12069.1686 ---- 34.62
19. -11631.4327 ---- 34.81
25. -12164.7376 ---- 32.37
23. -11797.7419 ---- 32.58
27. -11936.4620 ---- 32.69
28. -11943.1506 ---- 32.72
21. -11548.2557 ---- 32.78
24. -11694.7085 ---- 32.84
22. -11790.9064 ---- 32.90
30. -11894.3075 ---- 32.92
29. -11978.2691 ---- 33.05
26. -11843.5045 ---- 33.15
