1. 2.3621 ---- 6.09
2. 1.0331 ---- 6.09
5. 3.1601 ---- 6.09
9. 0.1289 ---- 6.11
4. 2.0759 ---- 6.14
3. 2.3873 ---- 6.14
8. 5.0677 ---- 6.13
7. 3.0709 ---- 6.16
10. 1.2913 ---- 6.14
6. 6.0352 ---- 6.18
18. 8.0628 ---- 6.09
15. 2.4969 ---- 6.20
17. 9.0082 ---- 6.20
11. 2.0684 ---- 6.24
20. 5.9574 ---- 6.21
12. 2.1040 ---- 6.26
14. 4.6514 ---- 6.25
13. 2.3392 ---- 6.29
16. 5.9942 ---- 6.33
19. 4.4575 ---- 6.36
28. 4.0974 ---- 6.04
23. 4.0901 ---- 6.10
21. 3.4804 ---- 6.13
27. 3.3223 ---- 6.13
29. 2.0401 ---- 6.12
25. 4.0435 ---- 6.15
22. 3.1424 ---- 6.18
30. 2.4740 ---- 6.12
24. 0.0338 ---- 6.19
26. 2.0834 ---- 6.21
